4.82	35
4.83	42
4.83	49
5.11	35
5.41	38
5.41	42
5.71	35
5.97	38
5.97	42
6.27	35
6.27	42
6.56	38
6.56	42
6.85	35
6.85	42
7.13	42
7.14	38
7.43	35
7.43	42
7.72	38
7.72	42
8.02	35
8.02	42
8.31	38
8.31	42
8.48	35
8.78	35
8.92	38
8.92	42
9.22	35
9.22	42
9.5	38
9.5	42
9.79	35
9.79	42
10.06	38
10.06	42
10.35	35
10.35	42
10.63	38
10.63	42
10.77	35
10.92	35
10.93	42
11.08	35
11.22	38
11.22	42
11.51	35
11.51	42
11.51	49
11.81	38
11.81	42
12.1	35
12.1	42
12.39	38
12.39	42
12.67	35
12.67	42
12.95	38
12.95	42
13.11	35
13.25	35
13.26	42
13.42	35
13.57	38
13.57	42
13.87	35
13.87	42
14.15	38
14.15	42
14.15	49
14.44	35
14.44	42
14.73	38
14.73	42
15.02	35
15.02	42
15.31	38
15.31	42
15.46	35
15.77	35
15.9	38
15.9	42
16.19	35
16.19	42
16.49	38
16.49	42
16.78	35
16.78	42
17.07	38
17.07	42
17.34	35
17.34	42
17.63	38
17.63	42
17.78	35
17.92	42
18.08	35
18.23	38
18.23	42
18.52	35
18.52	42
18.82	38
18.82	42
19.11	35
19.11	42
19.39	38
19.39	42
19.68	35
19.68	42
19.97	38
19.97	42
20.11	35
20.25	35
20.25	42
20.41	35
20.55	42
20.56	38
20.84	35
20.84	42
21.14	38
21.14	42
21.43	35
21.43	42
21.71	38
21.72	42
21.99	35
21.99	42
22.28	38
22.28	42
22.57	35
22.57	42
22.72	38
22.85	38
23.0	38
23.14	47
23.28	38
23.43	35
23.44	49
23.73	42
23.88	35
24.03	38
24.03	42
24.32	35
24.33	42
24.47	38
24.65	42
24.76	38
24.91	35
24.91	42
25.07	35
25.2	38
25.2	42
25.34	42
25.48	42
25.62	38
25.77	35
25.78	42
25.91	38
26.06	42
26.21	35
26.35	38
26.35	42
26.51	35
26.51	42
26.65	35
26.65	42
26.79	38
26.95	35
26.95	42
27.09	38
27.23	38
27.23	42
27.37	35
27.51	38
27.51	42
27.66	42
27.67	35
27.81	42
28.1	35
28.1	42
28.37	42
28.52	35
28.66	38
28.66	42
28.82	42
28.97	35
28.97	42
29.11	38
29.26	42
29.41	38
29.56	35
29.56	42
29.7	35
29.84	38
29.84	42
29.99	42
30.14	42
30.29	38
30.44	35
30.44	42
30.57	38
30.72	42
30.87	35
31.01	38
31.01	42
31.16	35
31.16	42
31.31	35
31.31	42
31.45	38
31.6	35
31.61	42
31.75	38
31.89	42
32.04	35
32.18	38
32.18	42
32.33	38
32.48	42
32.77	35
32.77	49
33.08	42
33.22	35
33.36	38
33.36	42
33.5	42
33.64	42
33.79	35
33.95	42
34.08	38
34.23	35
34.23	42
34.37	35
34.51	38
34.51	42
34.66	35
34.66	42
34.8	42
34.95	38
35.1	35
35.1	42
35.24	38
35.39	42
35.54	35
35.68	38
35.68	42
35.82	42
35.96	42
36.1	38
36.26	42
36.4	38
36.55	42
36.69	35
36.83	38
36.83	42
36.98	42
37.13	42
37.27	38
37.43	35
37.43	42
37.57	38
37.72	35
37.72	42
37.86	42
38.01	38
38.01	42
38.16	42
38.31	42
38.45	38
38.59	42
38.74	38
38.88	35
38.88	42
39.03	35
39.17	38
39.17	42
39.31	42
39.46	42
39.6	38
39.76	35
39.76	42
39.9	38
40.05	42
40.19	35
40.34	38
40.34	42
40.48	42
40.63	42
40.77	38
40.78	35
40.92	42
41.07	38
41.21	35
41.21	42
41.37	35
41.51	38
41.51	42
41.66	38
41.8	47
42.08	35
42.08	38
42.09	49
42.38	42
42.53	35
42.67	38
42.67	42
42.81	42
42.95	42
43.1	35
43.16	38
43.25	42
43.39	38
43.54	42
43.69	35
43.83	38
43.83	42
43.97	35
43.97	42
44.42	35
44.42	42
44.72	42
44.85	35
44.99	38
44.99	42
45.14	42
45.29	42
45.44	38
45.59	42
45.73	38
45.88	42
46.01	35
46.17	38
46.17	42
46.47	42
46.61	38
46.76	35
46.76	42
47.05	42
47.18	35
47.33	38
47.33	42
47.48	42
47.62	42
47.76	38
47.91	42
48.05	38
48.2	35
48.2	42
48.35	35
48.49	38
48.49	42
48.63	42
48.78	42
48.92	38
49.06	35
49.06	42
49.35	42
49.5	35
49.65	38
49.65	42
49.8	35
49.95	42
50.09	38
50.23	35
50.24	42
50.39	38
50.54	35
50.54	42
50.82	38
50.82	42
50.96	38
51.1	47
51.25	47
51.4	35
51.4	49
51.7	42
51.84	35
52.0	38
52.0	42
52.15	35
52.29	35
52.29	42
52.44	38
52.58	35
52.58	42
52.87	35
52.87	42
53.01	35
53.16	38
53.16	42
53.3	35
53.45	35
53.45	42
53.6	38
53.75	35
53.75	42
54.03	35
54.03	42
54.18	35
54.32	38
54.32	42
54.46	35
54.6	35
54.6	42
54.75	38
54.9	35
54.9	42
55.19	35
55.19	42
55.34	35
55.49	38
55.49	42
55.63	35
55.78	35
55.78	42
55.93	38
56.08	35
56.08	42
56.37	35
56.37	42
56.52	35
56.67	38
56.67	42
56.81	35
56.95	35
56.95	42
57.11	38
57.25	35
57.25	42
57.4	38
57.54	35
57.54	42
57.69	35
57.83	38
57.83	42
57.97	35
58.12	35
58.12	42
58.28	38
58.43	35
58.43	42
58.7	35
58.7	42
58.84	35
58.99	35
58.99	38
58.99	42
59.13	35
59.28	35
59.29	42
59.43	38
59.58	35
59.58	42
59.72	38
59.87	35
59.87	42
60.02	35
60.16	38
60.16	42
60.3	35
60.44	35
60.44	42
60.59	38
60.73	35
60.73	49
61.03	42
61.17	35
61.32	38
61.33	42
61.46	35
61.61	35
61.61	42
61.76	38
61.9	35
61.9	42
62.04	38
62.18	35
62.18	42
62.32	35
62.47	38
62.47	42
62.61	35
62.76	35
62.76	42
62.91	38
63.05	35
63.05	42
63.34	42
63.48	35
63.63	38
63.63	42
63.78	35
63.93	35
63.93	42
64.07	38
64.22	35
64.22	42
64.37	38
64.51	35
64.51	42
64.66	35
64.81	38
64.81	42
64.95	35
65.1	35
65.1	42
65.25	38
65.4	35
65.4	42
65.71	35
65.71	42
66.0	38
66.0	42
66.13	35
66.27	35
66.27	42
66.42	38
66.57	35
66.57	42
66.71	38
66.85	42
66.99	35
67.14	38
67.14	42
67.29	35
67.43	35
67.43	42
67.58	38
67.73	35
67.73	42
67.73	49
68.0	35
68.0	42
68.0	49
68.15	35
68.31	38
68.31	42
68.31	49
68.46	35
68.6	35
68.6	42
68.6	49
68.74	38
68.88	35
68.88	42
69.02	38
69.17	35
69.17	49
69.46	38
69.61	38
69.75	47
69.89	47
70.04	35
70.04	49
70.34	42
70.49	35
70.63	38
70.63	42
70.92	35
70.92	42
71.07	38
71.21	42
71.35	38
71.49	42
71.63	35
71.77	38
71.77	42
71.92	42
72.07	42
72.21	42
72.36	35
72.49	42
72.64	42
72.78	35
72.93	38
73.08	38
73.22	42
73.38	38
73.53	35
73.53	42
73.68	38
73.82	42
73.97	35
74.11	38
74.11	42
74.26	35
74.26	42
74.41	42
74.55	38
74.71	35
74.71	42
74.99	42
75.13	35
75.28	38
75.28	42
75.42	42
75.57	35
75.57	42
75.71	38
75.87	42
76.01	38
76.16	35
76.16	42
76.3	35
76.44	38
76.44	42
76.59	42
76.74	42
76.88	38
77.04	35
77.04	42
77.17	38
77.32	42
77.47	35
77.61	38
77.61	42
77.76	35
77.76	42
77.91	35
77.91	42
78.04	38
78.2	35
78.2	42
78.34	38
78.48	38
78.62	38
78.76	47
78.9	47
79.05	47
79.2	47
79.34	35
79.34	49
79.65	49
79.8	35
79.94	38
79.94	49
80.08	49
80.23	35
80.23	49
80.52	49
80.66	38
80.81	35
80.81	49
80.96	35
81.1	38
81.1	49
81.25	49
81.39	49
81.69	35
81.69	49
81.98	49
82.13	35
82.28	38
82.28	49
82.42	49
82.57	35
82.57	49
82.71	38
82.86	35
82.86	49
82.99	38
83.14	35
83.14	49
83.29	35
83.43	38
83.43	49
83.58	35
83.58	49
83.72	49
83.86	38
84.01	35
84.01	49
84.29	49
84.45	35
84.59	38
84.59	49
84.74	49
84.89	49
85.03	38
85.18	49
85.31	38
85.46	49
85.61	35
85.61	49
85.75	38
85.75	49
85.91	49
86.05	49
86.19	38
86.33	35
86.33	49
86.61	49
86.76	35
86.91	38
86.91	49
87.06	49
87.21	49
87.35	38
87.5	49
87.64	38
87.79	38
87.93	38
88.07	38
88.21	38
88.35	47
88.65	35
88.65	49
88.97	35
88.97	42
89.12	35
89.27	38
89.27	42
89.42	35
89.57	35
89.57	42
89.72	38
89.86	35
89.87	42
90.01	38
90.16	35
90.16	42
90.31	35
90.45	38
90.45	42
90.59	35
90.74	35
90.74	42
90.88	38
91.03	35
91.03	42
91.17	38
91.31	42
91.46	35
91.6	38
91.6	42
91.75	35
91.9	35
91.9	42
92.05	38
92.19	35
92.19	42
92.33	38
92.48	35
92.48	42
92.62	35
92.77	38
92.77	42
92.91	35
93.06	35
93.06	42
93.21	38
93.35	35
93.35	42
93.64	35
93.64	42
93.78	35
93.93	38
93.93	42
94.09	35
94.36	38
94.51	35
94.51	42
94.8	42
94.94	35
95.08	38
95.08	42
95.23	35
95.38	35
95.52	38
95.67	35
95.67	49
95.97	35
95.97	42
96.12	35
96.26	38
96.26	49
96.41	35
96.56	42
96.71	38
96.86	35
96.86	42
97.0	38
97.15	35
97.15	42
97.29	38
97.43	38
97.58	38
97.72	38
97.86	38
98.0	35
98.01	49
98.32	42
98.46	35
98.61	38
98.61	42
98.89	42
99.04	35
99.18	42
99.32	38
99.46	35
99.46	42
99.61	35
99.75	38
99.75	42
99.9	35
99.9	42
100.04	42
100.18	38
100.33	35
100.33	42
100.48	38
100.62	42
100.77	35
100.92	38
100.92	42
101.06	42
101.21	42
101.35	38
101.5	42
101.64	38
101.78	42
101.93	35
102.07	38
102.07	42
102.23	35
102.23	42
102.53	38
102.68	35
102.68	42
102.96	42
103.1	35
103.24	38
103.24	42
103.39	42
103.53	42
103.67	38
103.81	42
103.96	38
104.11	35
104.11	42
104.27	35
104.4	38
104.4	42
104.55	42
104.69	42
104.83	38
104.98	35
104.99	42
105.13	38
105.28	42
105.43	35
105.57	38
105.57	42
105.72	42
105.87	42
106.01	35
106.01	38
106.16	42
106.3	35
106.3	38
106.45	35
106.45	42
106.59	35
106.73	38
106.73	42
106.88	42
107.02	42
107.17	38
107.32	35
107.32	42
107.46	38
107.6	42
107.75	35
107.9	38
107.9	42
108.04	42
108.18	42
108.33	35
108.33	38
108.47	42
108.61	38
108.76	42
108.91	35
109.06	38
109.06	42
109.21	35
109.35	42
109.5	38
109.66	35
109.66	42
109.94	42
110.09	35
110.24	38
110.24	42
110.39	42
110.53	42
110.68	38
110.84	42
110.97	38
111.12	42
111.26	35
111.41	38
111.41	42
111.56	42
111.71	42
111.85	38
112.0	35
112.0	42
112.14	38
112.28	42
112.43	35
112.57	38
112.57	42
112.72	42
112.86	42
113.0	38
113.14	42
113.28	38
113.43	42
113.57	35
113.72	38
113.72	42
113.86	42
114.01	42
114.16	38
114.3	35
114.3	42
114.6	42
114.75	35
114.9	38
114.9	42
115.04	35
115.19	42
115.33	38
115.47	35
115.48	42
115.62	38
115.77	35
115.77	42
115.91	38
116.05	38
116.2	38
116.34	47
116.49	47
116.63	35
116.63	49
116.94	49
117.08	35
117.23	38
117.23	49
117.37	35
117.52	49
117.67	38
117.82	35
117.82	49
117.96	38
118.11	35
118.11	49
118.4	38
118.4	49
118.54	35
118.69	49
118.83	38
118.98	35
118.98	49
119.13	38
119.27	49
119.41	35
119.55	38
119.55	49
119.7	35
119.84	49
119.98	38
120.14	35
120.14	49
120.44	35
120.44	49
120.72	38
120.72	49
120.87	35
121.01	49
121.16	38
121.31	35
121.31	49
121.59	49
121.73	35
121.88	38
121.88	49
122.03	35
122.17	49
122.31	38
122.47	35
122.47	49
122.77	35
122.77	49
123.06	38
123.06	49
123.2	35
123.35	49
123.5	38
123.64	35
123.64	49
123.93	49
124.04	35
124.22	38
124.22	49
124.36	35
124.51	49
124.65	38
124.8	35
124.8	49
125.08	35
125.08	49
125.22	35
125.37	38
125.37	49
125.54	35
125.67	35
125.67	49
125.81	38
125.95	35
125.95	49
126.24	49
126.39	35
126.54	38
126.54	49
126.68	35
126.83	35
126.83	49
126.98	38
127.13	35
127.13	49
127.27	38
127.42	49
127.56	35
127.71	38
127.71	49
127.87	35
128.01	35
128.01	49
128.15	38
128.31	35
128.31	49
128.59	49
128.74	35
128.88	38
128.88	49
129.04	35
129.18	49
129.31	38
129.47	35
129.47	49
129.76	35
129.77	49
129.9	35
130.05	38
130.05	49
130.23	35
130.33	49
130.48	38
130.63	35
130.63	49
130.92	35
130.92	49
131.07	35
131.23	38
131.23	49
131.38	35
131.52	35
131.52	49
131.65	38
131.81	35
131.81	49
131.95	38
132.09	35
132.09	49
132.24	35
132.39	38
132.39	49
132.52	35
132.67	35
132.67	49
132.8	38
132.95	35
132.95	49
133.24	35
133.24	49
133.38	35
133.55	38
133.55	49
133.69	35
133.83	35
133.83	49
133.97	47
134.11	35
134.11	47
134.11	49
134.26	35
134.4	38
134.55	47
134.7	47
134.85	47
135.0	47
135.14	47
135.28	35
135.28	49
135.75	35
135.89	38
135.89	42
136.17	42
136.31	38
136.46	42
136.6	38
136.74	42
136.89	35
137.03	38
137.03	42
137.18	35
137.33	42
137.47	38
137.62	35
137.62	42
137.76	38
137.9	42
138.05	35
138.19	38
138.2	42
138.34	42
138.49	42
138.63	38
138.78	42
138.92	38
139.07	42
139.22	35
139.37	38
139.37	42
139.53	35
139.53	42
139.98	35
139.98	42
140.27	42
140.4	35
140.54	38
140.54	42
140.69	42
140.83	42
140.97	38
141.11	42
141.26	38
141.4	42
141.56	35
141.7	38
141.7	42
141.85	42
141.99	42
142.13	38
142.28	35
142.28	42
142.42	38
142.57	42
142.72	35
142.86	38
142.86	42
143.01	42
143.15	42
143.29	38
143.44	42
143.58	38
143.72	42
143.87	38
144.02	38
144.15	38
144.3	47
144.44	47
144.59	35
144.59	49
144.92	42
145.06	35
145.2	38
145.2	42
145.34	42
145.48	35
145.48	42
145.62	38
145.77	42
145.91	38
146.06	35
146.06	42
146.21	35
146.34	38
146.34	42
146.49	42
146.63	35
146.63	42
146.77	38
146.92	35
146.92	42
147.06	38
147.21	42
147.35	35
147.49	38
147.49	42
147.64	42
147.79	42
147.93	38
148.09	42
148.24	38
148.38	42
148.52	35
148.67	38
148.67	42
148.81	42
148.96	42
149.11	38
149.26	35
149.26	42
149.4	38
149.55	42
149.7	35
149.84	38
149.84	42
149.99	42
150.13	35
150.13	42
150.27	38
150.42	42
150.56	38
150.72	35
150.72	42
150.87	35
151.01	38
151.01	42
151.16	42
151.31	42
151.45	38
151.6	35
151.6	42
151.74	38
151.89	42
152.03	35
152.18	38
152.18	42
152.33	42
152.47	35
152.47	42
152.61	38
152.76	35
152.76	42
152.9	38
153.05	38
153.19	38
153.33	47
153.47	47
153.62	47
153.77	47
153.91	35
153.91	49
155.17	49
155.54	42
155.54	49
156.01	49
156.31	35
156.31	49
157.35	42
157.35	49
158.22	49
158.5	49
167.91	35
167.91	49
168.52	38
168.52	42
168.78	35
169.09	38
169.09	42
169.23	35
169.37	42
169.52	35
169.66	42
169.67	38
169.96	35
169.96	42
170.25	38
170.25	42
170.54	35
170.54	42
170.83	38
170.83	42
171.12	35
171.12	42
171.41	42
171.42	38
171.55	35
171.7	35
171.7	42
171.84	35
171.98	42
171.99	38
172.28	35
172.28	42
172.57	38
172.57	42
172.86	35
172.86	42
173.16	38
173.16	42
173.43	35
173.43	42
173.72	38
173.72	42
173.87	35
174.02	42
174.17	35
174.31	38
174.31	42
174.59	35
174.59	42
174.89	38
174.89	42
175.18	35
175.18	42
175.48	38
175.48	49
175.76	35
175.76	42
176.05	38
176.05	42
176.35	38
176.49	38
176.64	38
176.77	38
176.91	38
177.05	38
177.2	35
177.2	49
177.51	42
177.52	35
177.79	38
177.79	42
177.94	35
178.08	42
178.23	38
178.39	35
178.39	42
178.39	49
178.68	35
178.68	42
178.68	49
178.96	38
178.96	42
179.11	35
179.26	42
179.4	38
179.55	35
179.55	42
179.55	49
179.83	35
179.83	42
179.83	49
180.12	38
180.12	42
180.12	49
180.27	35
180.41	38
180.55	38
180.69	35
180.69	42
180.69	49
180.98	35
180.98	49
181.27	38
181.27	42
181.27	49
181.42	35
181.57	49
181.86	35
181.86	49
182.17	35
182.17	49
182.45	38
182.45	49
182.6	35
182.75	35
182.76	49
182.92	35
183.05	38
183.09	38
183.09	49
183.37	35
183.37	49
183.64	38
183.64	49
183.93	35
183.93	49
184.21	38
184.21	49
184.48	35
184.48	49
184.78	38
184.78	49
185.09	38
185.09	49
185.37	35
185.37	49
185.51	38
185.58	38
185.66	38
185.81	38
185.95	38
186.09	47
186.24	47
186.38	47
186.53	35
186.53	49
186.82	35
186.82	49
186.97	35
187.12	38
187.12	49
187.27	35
187.41	35
187.41	49
187.54	38
187.68	35
187.68	49
187.99	35
187.99	49
188.13	35
188.28	38
188.28	49
188.42	35
188.57	49
188.72	38
188.87	35
188.87	49
189.17	35
189.17	49
189.46	38
189.46	49
189.6	35
189.74	49
189.88	38
190.03	35
190.03	49
190.18	38
190.33	35
190.33	49
190.48	35
190.62	38
190.62	49
190.77	35
190.91	49
191.05	38
191.2	35
191.2	49
191.5	35
191.5	49
191.79	35
191.79	38
191.79	49
191.93	35
192.08	35
192.08	49
192.22	38
192.37	35
192.37	49
192.67	35
192.67	49
192.82	35
192.96	38
192.96	49
193.11	35
193.26	35
193.26	49
193.4	38
193.56	35
193.56	49
193.86	35
193.86	49
194.12	38
194.12	49
194.27	35
194.41	35
194.41	49
194.55	38
194.7	35
194.7	49
194.85	38
195.0	35
195.0	49
195.28	38
195.28	49
195.56	35
195.56	49
195.86	35
195.86	49
196.16	35
196.16	49
196.3	35
196.45	38
196.45	49
196.6	35
196.74	35
196.74	49
196.88	38
197.03	35
197.03	49
197.33	35
197.33	49
197.61	38
197.61	49
197.76	35
197.9	35
197.9	49
198.04	38
198.18	35
198.18	49
198.47	49
198.61	35
198.76	38
198.76	49
198.91	35
199.06	35
199.06	49
199.19	38
199.32	35
199.32	49
199.61	49
199.76	35
199.91	38
199.91	49
200.06	35
200.21	35
200.21	49
200.35	38
200.5	35
200.5	49
200.8	35
200.8	49
200.95	35
201.09	35
201.09	38
201.09	49
201.24	35
201.39	35
201.39	49
201.53	38
201.67	35
201.67	49
201.82	38
201.97	35
201.97	49
202.12	35
202.27	38
202.27	49
202.42	35
202.56	35
202.56	49
202.7	38
202.85	35
202.85	49
203.14	35
203.14	49
203.26	35
203.43	49
203.44	38
203.74	35
203.74	38
203.74	49
204.03	35
204.03	49
204.16	47
204.44	47
204.59	35
204.59	38
204.74	47
204.88	35
204.88	47
205.03	47
205.17	35
205.17	49
205.47	35
205.63	35
205.77	35
205.77	38
205.77	42
206.06	35
206.06	42
206.2	35
206.2	38
206.34	35
206.34	42
206.49	38
206.64	35
206.64	42
206.78	35
206.93	38
206.93	42
207.07	35
207.22	35
207.22	42
207.37	38
207.51	35
207.51	42
207.66	38
207.81	42
207.82	35
207.96	35
208.1	42
208.11	38
208.25	35
208.39	35
208.39	42
208.54	38
208.69	35
208.69	42
208.69	49
208.83	38
208.97	35
208.97	42
208.97	49
209.12	35
209.26	38
209.26	42
209.26	49
209.41	35
209.56	35
209.7	38
209.85	35
209.85	49
210.14	35
210.14	42
210.29	35
210.43	38
210.43	42
210.43	49
210.58	35
210.73	42
210.87	38
211.02	35
211.02	42
211.02	49
211.33	35
211.33	42
211.33	49
211.6	38
211.6	42
211.6	49
211.74	35
211.89	35
211.89	42
211.89	49
212.04	38
212.19	35
212.19	42
212.19	49
212.32	38
212.47	35
212.47	49
212.61	35
212.76	38
212.76	49
212.91	35
213.06	35
213.06	49
213.21	38
213.35	35
213.35	49
213.49	38
213.63	35
213.63	49
213.78	38
213.93	38
214.08	38
214.22	38
214.37	38
214.51	35
214.51	49
214.8	35
214.95	35
215.09	38
215.09	42
215.09	49
215.24	35
215.38	35
215.38	49
215.53	38
215.67	35
215.67	49
215.82	38
215.96	35
215.96	49
216.11	35
216.26	38
216.26	49
216.4	35
216.54	35
216.54	49
216.69	38
216.84	35
216.84	42
216.84	49
216.99	38
217.15	35
217.15	49
217.42	38
217.42	49
217.56	35
217.71	49
217.85	38
217.99	35
217.99	49
218.14	38
218.28	35
218.28	49
218.43	35
218.57	38
218.57	49
218.72	35
218.87	35
218.87	49
219.01	38
219.15	35
219.15	49
219.46	35
219.46	49
219.6	35
219.75	38
219.75	49
219.89	35
220.04	35
220.04	49
220.18	38
220.33	35
220.33	49
220.48	38
220.63	35
220.64	49
220.78	35
220.93	38
220.93	49
221.07	35
221.21	49
221.37	38
221.51	35
221.51	49
221.79	35
221.79	49
221.94	35
222.08	38
222.08	49
222.39	38
222.39	49
222.66	35
222.66	49
222.82	38
222.98	38
223.12	38
223.26	47
223.4	47
223.54	47
223.7	47
223.83	35
223.83	49
224.12	49
224.29	35
224.44	38
224.44	49
224.57	35
224.72	49
224.86	38
225.01	35
225.01	49
225.3	35
225.3	49
225.62	38
225.9	35
225.9	49