7.58	35
7.58	42
7.85	42
7.96	42
8.07	35
8.07	38
8.32	42
8.54	35
8.54	49
8.79	42
9.02	35
9.02	38
9.25	42
9.5	35
9.5	42
9.73	42
9.85	42
9.96	35
9.97	38
10.2	42
10.33	42
10.44	35
10.44	42
10.44	49
10.67	42
10.78	42
10.9	35
10.9	38
11.13	42
11.26	42
11.37	35
11.37	42
11.61	42
11.73	42
11.84	35
11.84	38
12.08	42
12.2	42
12.32	35
12.32	42
12.43	42
12.55	42
12.66	42
12.78	35
12.78	38
13.02	42
13.24	35
13.24	49
13.49	42
13.6	42
13.71	35
13.71	38
13.94	42
14.16	35
14.16	49
14.4	38
14.4	42
14.64	38
14.64	42
15.12	35
15.12	49
15.59	35
15.59	38
15.83	42
16.06	35
16.06	42
16.17	42
16.29	42
16.51	35
16.51	38
16.51	42
16.76	35
16.76	42
16.98	35
16.98	42
17.23	42
17.45	35
17.45	42
17.46	38
17.7	42
17.93	35
17.93	42
18.05	42
18.16	42
18.38	35
18.38	38
18.63	42
18.85	35
18.85	42
19.1	42
19.32	35
19.32	38
19.57	42
19.8	35
19.8	42
19.92	42
20.04	42
20.25	35
20.26	38
20.51	42
20.74	35
20.74	42
20.98	38
20.98	42
21.21	38
21.44	49
21.67	35
21.67	49
21.79	38
21.9	49
22.12	35
22.38	38
22.49	38
22.61	35
22.61	49
23.07	35
23.07	38
23.31	42
23.54	35
23.54	42
23.67	42
23.78	42
24.0	35
24.0	38
24.0	42
24.26	42
24.48	35
24.48	42
24.73	42
24.95	35
24.95	38
25.19	42
25.41	35
25.41	42
25.65	42
25.88	35
25.88	38
26.23	38
26.33	35
26.33	49
26.59	42
26.81	35
26.81	38
27.04	42
27.27	35
27.27	42
27.53	42
27.74	35
27.74	38
28.0	42
28.23	35
28.23	42
28.47	42
28.7	35
28.7	38
28.7	42
28.95	42
29.16	35
29.16	42
29.4	42
29.64	35
29.64	38
29.64	42
29.88	42
30.1	35
30.1	49
30.34	42
30.55	35
30.55	38
30.8	42
31.03	35
31.03	42
31.5	35
31.5	38
31.5	42
31.99	35
31.99	42
32.45	35
32.45	38
32.92	35
32.92	42
33.38	35
33.39	38
33.63	42
33.75	42
33.86	35
33.86	42
34.11	42
34.23	42
34.33	35
34.33	38
34.57	42
34.7	42
34.81	35
34.81	42
35.18	42
35.28	35
35.28	38
35.51	42
35.63	42
35.75	35
35.75	42
35.98	42
36.1	42
36.22	35
36.22	38
36.33	42
36.44	42
36.69	35
36.69	42
36.82	38
36.94	42
37.18	35
37.18	38
37.18	42
37.4	42
37.52	42
37.63	35
37.63	49
38.09	35
38.09	38
38.09	42
38.32	38
38.33	42
38.44	38
38.55	35
38.55	42
38.55	49
38.79	42
39.02	35
39.02	38
39.02	42
39.26	42
39.49	35
39.49	42
39.72	42
39.86	42
39.96	35
39.96	38
40.19	42
40.44	35
40.44	42
40.67	42
40.79	42
40.89	35
40.89	38
41.13	42
41.25	42
41.36	35
41.36	42
41.48	42
41.6	42
41.72	42
41.82	35
41.82	38
42.07	42
42.18	42
42.29	35
42.29	42
42.54	42
42.66	42
42.76	35
42.76	38
43.0	42
43.12	42
43.23	35
43.23	42
43.47	42
43.58	42
43.7	35
43.7	38
43.94	42
44.16	35
44.16	42
44.4	38
44.4	42
44.64	38
44.64	49
45.11	35
45.11	49
45.36	42
45.59	35
45.59	38
45.82	42
46.07	35
46.07	42
46.18	42
46.28	42
46.51	35
46.51	38
46.51	42
46.76	42
46.99	35
46.99	42
47.22	42
47.46	35
47.46	38
47.46	42
47.7	42
47.92	35
47.92	42
48.15	42
48.38	35
48.38	38
48.62	42
48.84	35
48.84	42
49.08	42
49.31	35
49.31	38
49.55	42
49.78	35
49.78	42
50.03	42
50.26	35
50.26	38
50.5	42
50.72	35
50.72	42
50.84	42
50.96	42
51.19	35
51.19	38
51.65	35
51.77	38
52.12	35
52.12	38
52.37	38
52.48	38
52.59	35
52.59	49
53.08	35
53.09	38
53.32	42
53.54	35
53.54	42
53.79	42
54.03	35
54.03	38
54.03	42
54.26	42
54.49	35
54.49	42
54.73	42
54.97	38
54.97	42
55.19	42
55.43	35
55.43	42
55.55	42
55.67	42
55.9	35
55.9	38
55.9	42
56.14	42
56.37	35
56.37	42
56.6	42
56.84	35
56.84	38
56.84	42
57.07	42
57.3	35
57.3	42
57.53	42
57.76	35
57.76	38
57.76	42
57.99	42
58.22	35
58.22	42
58.34	42
58.46	42
58.69	35
58.69	38
59.14	35
59.14	42
59.41	42
59.62	35
59.62	47
59.85	47
60.0	47
60.1	35
60.1	49
60.35	42
60.57	35
60.57	38
60.57	42
60.82	42
61.03	35
61.03	42
61.52	35
61.52	38
61.52	42
61.97	35
61.97	42
62.22	42
62.34	42
62.44	35
62.44	38
62.91	35
62.91	42
63.16	42
63.27	42
63.38	35
63.38	38
63.62	42
63.74	42
63.86	35
63.86	42
64.1	42
64.22	42
64.33	35
64.33	38
64.33	42
64.57	42
64.8	35
64.8	42
65.03	42
65.16	42
65.26	35
65.26	38
65.5	42
65.63	42
65.74	35
65.74	42
65.97	42
66.09	42
66.2	35
66.2	38
66.31	42
66.43	42
66.67	35
66.67	42
66.79	38
66.91	42
67.14	35
67.14	38
67.38	42
67.61	35
67.61	42
67.61	49
67.86	42
67.98	42
68.07	35
68.07	38
68.32	42
68.44	42
68.54	35
68.54	42
68.78	42
68.91	42
69.02	35
69.02	38
69.25	42
69.37	42
69.5	35
69.5	42
69.73	42
69.85	42
69.95	35
69.95	38
70.19	42
70.43	35
70.43	42
70.67	42
70.9	35
70.9	38
71.37	35
71.37	42
71.49	42
71.6	42
71.83	35
71.83	38
72.07	42
72.18	42
72.3	35
72.3	42
72.54	47
72.54	42
72.66	42
72.77	35
72.77	38
73.01	42
73.23	35
73.23	42
73.47	42
73.69	35
73.69	38
73.69	42
74.14	35
74.14	42
74.4	38
74.4	42
74.63	38
74.63	42
75.1	35
75.1	49
75.35	42
75.59	35
75.59	38
75.59	42
75.81	42
76.05	35
76.05	42
76.28	42
76.51	35
76.51	38
76.51	42
76.75	42
76.97	35
76.97	42
77.22	38
77.22	42
77.45	35
77.45	38
77.45	42
77.69	42
77.92	35
77.92	42
78.15	42
78.38	35
78.38	38
78.63	42
78.85	35
78.85	42
79.1	42
79.33	35
79.33	38
79.33	42
79.56	42
79.78	35
79.78	42
80.03	42
80.26	35
80.26	42
80.27	38
80.51	42
80.73	35
81.2	35
81.67	35
81.8	38
81.93	38
82.14	35
82.14	38
82.39	38
82.52	38
82.61	35
82.61	49
83.08	35
83.08	38
83.08	42
83.31	42
83.55	35
83.55	42
83.79	42
84.01	35
84.01	42
84.02	38
84.26	42
84.48	42
84.49	35
84.73	42
84.84	42
84.97	35
84.97	38
84.97	42
85.2	42
85.43	35
85.43	42
85.67	42
85.91	35
85.91	38
85.91	42
86.14	42
86.37	35
86.37	42
86.61	42
86.85	35
86.85	38
87.08	42
87.31	35
87.31	42
87.54	38
87.54	42
87.79	35
87.79	38
87.79	42
88.01	42
88.25	35
88.48	38
88.73	35
88.73	38
88.94	47
89.2	35
89.43	47
89.67	35
89.67	38
89.67	47
89.89	47
90.02	47
90.14	35
90.14	49
90.6	35
90.6	38
90.82	42
91.06	35
91.06	42
91.3	42
91.53	35
91.53	38
91.76	42
92.01	35
92.22	42
92.46	35
92.46	38
92.69	42
92.92	35
92.92	38
93.15	38
93.4	35
93.4	38
93.85	35
93.85	49
94.33	35
94.33	38
94.57	42
94.8	35
95.04	42
95.27	35
95.27	38
95.5	42
95.73	35
95.97	42
96.2	35
96.2	38
96.43	42
96.65	35
96.65	38
97.13	35
97.13	38
97.59	35
97.59	49
98.06	35
98.06	38
98.3	42
98.54	35
98.54	42
98.77	42
99.01	35
99.01	38
99.25	42
99.48	35
99.71	42
99.95	35
99.95	38
100.19	42
100.4	35
100.41	38
100.64	38
100.64	42
100.88	35
100.88	38
101.33	35
101.33	49
101.8	35
101.8	38
101.8	49
102.27	35
102.75	35
102.75	38
102.99	49
103.23	35
103.47	49
103.69	35
103.69	38
103.93	49
104.05	38
104.16	35
104.16	49
104.4	47
104.52	38
104.63	38
104.64	35
104.75	38
104.86	38
104.98	38
105.1	35
105.1	49
105.59	35
105.59	47
106.08	38
106.08	47
106.42	38
106.42	47
106.77	47
107.01	38
107.01	47
107.48	47
107.96	38
107.96	47
108.33	38
108.33	47
108.67	47
108.92	47
109.4	38
109.4	47
109.86	38
109.86	47
110.22	35
110.22	47
110.56	47
110.79	47
111.25	47
111.71	38
111.71	47
112.08	47
112.44	47
112.68	35
112.68	49
112.91	47
113.16	35
113.6	35
113.6	38
113.6	47
113.96	38
113.97	47
114.09	35
114.32	38
114.32	47
114.55	35
114.55	38
114.55	47
114.81	35
114.81	38
114.81	47
115.04	35
115.04	38
115.04	47
115.48	35
115.48	38
115.48	47
115.83	38
115.83	47
116.0	35
116.22	38
116.22	47
116.44	35
116.44	38
116.44	47
116.69	38
116.69	47
116.93	35
116.93	47
117.37	35
117.37	38
117.37	47
117.69	38
117.69	47
117.85	35
118.07	35
118.07	47
118.29	35
118.29	47
118.75	35
118.75	47
119.21	35
119.21	47
119.68	35
119.68	47
119.91	47
120.12	35
120.12	49
120.61	35
120.61	38
120.61	49
121.07	35
121.07	49
121.52	35
121.52	38
121.52	49
122.0	35
122.0	49
122.46	35
122.46	38
122.46	49
122.93	35
122.93	49
123.4	35
123.4	38
123.4	49
123.87	35
123.87	49
124.33	35
124.33	38
124.33	49
124.79	35
124.79	49
125.27	35
125.27	38
125.27	49
125.74	35
125.74	49
126.2	35
126.2	49
126.68	35
126.68	49
127.14	35
127.14	38
127.53	38
127.61	35
127.61	49
128.07	35
128.07	49
128.08	38
128.51	35
128.51	49
129.0	35
129.0	38
129.0	49
129.47	35
129.47	49
129.94	35
129.94	38
129.94	49
130.42	35
130.42	49
130.89	35
130.89	49
131.36	35
131.36	49
131.83	35
131.83	49
132.31	35
132.31	49
132.78	35
132.78	38
132.78	49
133.25	35
133.25	49
133.72	35
133.72	49
134.18	35
134.18	49
134.44	38
134.56	38
134.67	38
134.68	35
134.79	38
134.9	38
135.02	38
135.14	35
135.14	49
135.59	35
135.59	38
135.59	49
136.05	35
136.05	49
136.52	35
136.52	49
136.99	35
136.99	49
137.46	35
137.46	49
137.47	38
137.93	35
137.93	49
138.39	35
138.39	38
138.39	49
138.86	35
138.86	49
139.34	35
139.34	38
139.34	49
139.8	35
139.8	49
140.27	35
140.27	49
140.75	35
140.75	49
141.24	35
141.24	38
141.24	49
141.69	49
141.7	35
142.19	35
142.4	38
142.53	38
142.65	35
142.65	49
143.12	35
143.12	38
143.12	49
143.57	35
143.57	49
144.04	35
144.04	38
144.04	49
144.5	35
144.5	49
144.98	35
144.98	38
144.98	49
145.43	35
145.43	49
145.9	35
145.9	49
146.36	35
146.36	49
146.83	35
146.83	38
146.83	49
147.29	35
147.29	49
147.77	35
147.77	38
147.77	49
148.22	35
148.22	49
148.7	35
148.7	49
149.2	35
149.2	49
149.44	38
149.9	38
150.02	38
150.13	35
150.13	49
150.6	35
150.6	38
150.6	49
151.06	35
151.06	49
151.54	35
151.54	38
151.54	49
152.01	35
152.01	49
152.49	35
152.49	49
152.94	35
152.94	38
152.94	49
153.19	38
153.43	35
153.43	38
153.43	49
153.88	35
153.88	49
154.35	35
154.35	49
154.81	35
154.81	49
155.28	35
155.28	49
155.75	35
155.75	49
156.22	35
156.22	49
156.69	35
156.69	38
156.69	49
157.17	35
157.17	38
157.17	49
157.65	35
157.65	49
158.12	35
158.12	49
158.57	35
158.57	49
159.03	35
159.03	38
159.03	49
159.49	35
159.49	49
159.97	35
159.97	49
160.42	35
160.42	38
160.42	49
160.66	38
160.9	35
160.9	38
161.37	35
161.37	49
161.84	35
161.84	49
162.31	35
162.31	49
162.78	35
162.78	49
163.25	35
163.25	49
163.71	35
163.71	49
164.16	35
164.16	38
164.16	49
164.55	35
164.55	49
164.9	35
164.9	49
165.13	35
165.13	49
165.61	35
166.06	35
166.53	35
166.99	35
167.47	35
167.94	35
168.41	35
168.88	35
169.35	35
169.84	35
170.3	35
170.77	35
171.25	35
171.71	35
172.17	35
172.64	35
173.09	35
173.55	35
174.01	35
174.48	35
174.93	35
175.41	35
175.88	35
176.14	42
176.36	35
176.84	35
177.32	35
177.79	35
178.26	35
178.73	35
179.19	35
179.66	35
179.89	42
180.12	35
180.36	42
180.59	35
181.06	35
181.3	42
181.53	35
182.0	35
182.47	35
182.7	42
182.95	35
183.42	35
183.89	35
184.35	35
184.82	35
185.29	35
185.75	35
186.22	35
186.69	35
187.16	35
187.64	35
188.12	35
188.58	35
189.05	35
189.52	35
189.99	35
190.45	35
190.92	35