4.58	35
5.0	47
5.14	35
5.43	47
5.71	35
5.71	47
6.13	35
6.13	47
6.27	35
6.56	47
6.84	35
6.84	47
7.26	47
7.41	35
7.69	38
7.69	47
7.97	35
7.97	47
8.39	38
8.4	35
8.4	47
8.54	35
8.54	47
8.82	47
9.11	35
9.11	47
9.53	47
9.66	35
9.95	47
10.24	35
10.24	47
10.66	35
10.66	47
10.8	35
10.8	47
11.09	47
11.37	35
11.37	47
11.79	47
11.94	35
12.22	47
12.5	35
12.5	47
12.92	35
12.92	47
13.07	35
13.35	47
13.63	35
13.63	47
14.06	47
14.2	35
14.2	47
14.48	47
14.77	35
15.19	35
15.19	47
15.33	35
15.62	47
15.89	35
15.89	47
16.32	47
16.47	35
16.47	47
16.75	47
17.02	35
17.02	47
17.45	35
17.45	38
17.45	47
17.6	35
17.88	47
18.16	35
18.59	47
18.73	35
19.01	38
19.01	47
19.29	35
19.29	47
19.72	35
19.72	38
19.72	47
19.86	35
20.14	47
20.42	35
20.42	47
20.85	47
20.99	35
21.28	47
22.68	35
22.68	42
22.97	42
23.12	38
23.26	35
23.26	42
23.54	38
23.54	42
23.68	42
23.82	35
23.82	42
24.1	42
24.25	35
24.25	38
24.39	35
24.39	42
24.67	38
24.67	42
24.82	42
24.95	42
24.96	35
25.24	42
25.38	38
25.52	35
25.52	42
25.8	38
25.8	42
25.95	42
26.08	35
26.08	42
26.35	42
26.51	35
26.51	38
26.65	35
26.65	42
26.94	38
26.94	42
27.21	35
27.21	42
27.5	42
27.64	38
27.79	35
27.79	42
27.92	42
28.07	38
28.07	42
28.21	42
28.35	35
28.35	42
28.63	42
28.77	38
28.91	42
28.92	35
29.2	38
29.2	42
29.34	42
29.48	35
29.48	42
29.77	42
29.91	38
30.05	35
30.05	42
30.33	38
30.33	42
30.48	42
30.62	35
30.62	42
30.89	42
31.04	35
31.04	38
31.04	42
31.18	35
31.18	42
31.46	38
31.46	42
31.74	35
31.74	42
32.03	42
32.17	38
32.31	42
32.32	35
32.45	42
32.6	38
32.6	42
32.74	42
32.88	35
32.88	42
33.16	42
33.3	35
33.3	38
33.44	35
33.44	42
33.73	38
33.73	42
33.87	42
34.01	35
34.01	42
34.3	42
34.44	38
34.58	35
34.58	42
34.86	38
34.86	42
35.0	42
35.14	35
35.14	42
35.42	42
35.57	35
35.57	38
35.57	42
35.71	35
35.71	42
35.85	42
35.99	38
35.99	42
36.13	42
36.27	35
36.27	42
36.56	42
36.7	38
36.84	35
36.84	42
37.12	38
37.13	42
37.27	42
37.41	35
37.41	42
37.69	42
37.83	35
37.83	38
37.97	35
37.97	42
38.26	38
38.26	42
38.4	42
38.54	35
38.54	42
38.82	42
38.96	38
39.11	35
39.11	42
39.39	38
39.39	42
39.54	42
39.68	35
39.68	42
39.96	42
40.1	35
40.1	38
40.24	35
40.24	42
40.52	38
40.52	47
42.36	35
43.08	35
44.77	35
45.05	47
45.33	35
45.33	47
45.76	47
45.9	35
46.18	47
46.46	35
46.46	47
46.88	35
46.88	47
47.03	35
47.31	47
47.59	35
47.59	47
48.02	47
48.16	35
48.16	47
48.45	38
48.45	47
48.72	47
48.73	35
48.87	47
49.15	35
49.15	38
49.15	47
49.3	35
49.3	47
49.58	47
49.86	35
49.86	47
50.29	47
50.43	35
50.43	47
50.71	47
50.99	35
50.99	47
51.42	35
51.42	47
51.56	35
51.84	47
52.13	35
52.13	47
52.55	47
52.69	35
52.69	47
52.97	38
52.97	47
53.25	35
53.25	47
53.68	35
53.68	38
53.68	47
53.82	35
53.82	47
54.11	47
54.39	35
54.39	47
54.81	47
54.95	35
54.95	47
55.24	47
55.52	35
55.52	47
55.94	35
55.94	47
56.09	35
56.09	47
56.37	47
56.65	35
56.65	47
57.08	47
57.22	35
57.5	35
57.5	38
57.5	47
57.78	35
57.78	47
58.2	47
58.21	35
58.35	35
58.63	47
58.92	35
58.92	47
59.34	47
59.49	35
59.49	42
59.76	38
59.77	47
60.05	35
60.05	47
60.47	35
60.47	47
60.61	35
60.62	47
60.9	47
61.05	47
61.18	35
61.18	47
61.6	47
61.75	35
61.75	47
62.0	38
62.31	35
62.32	47
62.73	47
62.74	35
62.88	35
62.88	47
63.16	38
63.16	47
63.45	35
63.45	47
63.45	42
63.74	42
63.87	47
64.01	35
64.01	42
64.29	38
64.3	42
64.58	35
64.58	42
64.87	42
65.0	35
65.14	35
65.15	42
65.42	38
65.42	47
65.71	35
65.71	42
66.13	47
66.27	35
66.28	42
66.56	38
66.56	47
66.56	42
66.84	35
66.84	42
67.13	42
67.27	35
67.27	38
67.27	47
67.41	35
67.41	42
67.69	38
67.69	47
67.97	35
67.97	42
68.4	47
68.54	35
68.82	38
68.82	47
69.1	35
69.1	42
69.4	42
69.53	35
69.53	42
69.67	35
69.67	42
69.95	47
70.24	35
70.24	47
70.24	42
70.47	42
70.66	38
70.66	47
70.81	35
70.81	42
71.09	38
71.09	47
71.09	42
71.37	35
71.37	38
71.37	42
71.66	42
71.79	35
71.79	38
71.79	47
71.94	35
72.22	47
72.37	42
72.5	35
72.5	42
72.93	47
73.07	35
73.35	38
73.35	47
73.35	42
73.63	35
73.63	42
73.77	42
73.92	42
74.06	35
74.06	47
74.2	35
74.2	42
74.48	47
74.77	35
74.77	47
74.77	42
75.19	35
75.19	38
75.19	47
75.48	35
75.61	35
75.62	47
75.75	35
76.17	42
76.32	38
76.75	47
76.75	42
77.02	35
77.02	38
77.02	42
77.31	42
77.45	38
77.6	35
77.6	42
77.88	38
77.88	42
78.02	42
78.16	35
78.16	42
78.44	42
78.59	38
78.73	35
78.73	42
79.01	38
79.01	42
79.16	42
79.29	35
79.29	42
79.58	42
79.72	38
79.86	35
79.86	42
80.14	38
80.14	42
80.29	42
80.42	35
80.42	42
80.69	42
80.85	38
80.99	35
80.99	42
81.28	38
81.28	42
81.55	35
81.55	42
81.84	42
81.98	38
82.12	42
82.13	35
82.26	42
82.41	38
82.41	42
82.55	42
82.69	35
82.69	42
82.97	42
83.11	35
83.11	38
83.25	35
83.25	42
83.54	38
83.54	42
83.68	42
83.82	35
83.82	42
84.1	42
84.25	38
84.25	42
84.39	35
84.39	42
84.67	38
84.67	42
84.82	42
84.95	42
84.96	35
85.23	42
85.38	35
85.38	38
85.38	42
85.52	35
85.52	42
85.8	38
85.8	42
86.08	35
86.08	42
86.36	42
86.51	38
86.65	35
86.65	42
86.93	38
86.94	42
87.08	42
87.22	35
87.22	42
87.5	42
87.64	38
87.78	35
87.78	42
88.06	38
88.07	42
88.21	42
88.35	35
88.35	42
88.63	42
88.78	38
88.92	35
88.92	42
89.2	38
89.2	42
89.34	42
89.48	35
89.48	42
89.62	42
89.76	42
89.91	35
89.91	38
89.91	42
90.05	35
90.05	42
90.19	42
90.33	38
90.33	42
90.47	42
90.62	35
90.62	42
90.9	42
91.04	38
91.18	35
91.18	42
91.46	38
91.47	42
91.61	42
91.75	35
91.75	42
92.02	42
92.17	38
92.31	35
92.31	42
92.59	38
92.6	42
92.74	42
92.88	35
92.88	42
93.16	42
93.3	38
93.31	42
93.45	35
93.45	42
93.73	38
93.73	42
93.88	42
94.01	35
94.01	42
94.3	42
94.44	38
94.58	35
94.58	42
94.86	38
94.86	42
95.0	42
95.14	35
95.14	42
95.57	38
95.7	35
95.7	42
95.99	38
95.99	42
96.27	35
96.7	38
96.83	35
96.83	42
97.12	38
97.41	35
97.41	42
97.7	42
97.83	38
97.83	42
97.97	35
97.97	42
98.11	42
98.25	38
98.25	42
98.39	42
98.54	35
98.54	42
98.67	42
98.81	42
98.96	35
98.96	38
99.1	35
99.1	42
99.39	38
99.39	42
99.67	35
99.67	42
100.09	38
100.23	35
100.23	42
100.52	38
100.52	42
100.8	35
100.8	42
101.23	35
101.23	38
101.36	35
101.36	42
101.65	38
101.65	42
101.79	42
101.93	35
101.93	42
102.22	42
102.36	38
102.36	42
102.5	35
102.5	42
102.64	42
102.78	38
102.78	42
102.92	42
103.06	35
103.06	42
103.34	42
103.49	35
103.49	38
103.63	35
103.63	42
103.92	38
103.92	42
104.06	42
104.2	35
104.2	42
104.35	42
104.49	42
104.62	38
104.62	42
104.76	35
104.76	42
105.05	38
105.05	42
105.33	35
105.33	42
105.61	42
105.75	35
105.75	38
105.89	35
105.89	42
106.18	38
106.18	42
106.46	35
106.46	42
106.63	42
106.89	38
107.02	42
107.03	35
107.17	42
107.31	38
107.31	42
107.45	42
107.6	35
107.6	42
107.73	42
107.87	42
108.02	35
108.02	38
108.02	42
108.16	35
108.16	42
108.3	42
108.44	38
108.44	42
108.73	35
108.73	42
108.9	42
109.02	42
109.15	38
109.15	42
109.29	35
109.29	42
109.57	38
109.58	42
109.72	42
109.86	35
109.86	42
110.0	42
110.14	42
110.28	35
110.28	38
110.42	35
110.42	42
110.7	38
110.7	42
110.86	42
110.99	35
110.99	42
111.14	42
111.42	38
111.42	42
111.57	42
111.84	38
112.13	42
112.39	42
112.55	35
112.55	42
112.69	42
112.83	47
112.97	42
112.98	47
113.25	35
113.25	38
113.25	42
113.54	42
113.68	38
113.82	35
113.82	42
114.11	38
114.11	42
114.25	42
114.39	35
114.39	42
114.67	42
114.81	38
114.95	35
114.95	42
115.24	38
115.24	42
115.38	42
115.52	35
115.52	42
115.8	42
115.94	38
116.09	35
116.09	42
116.37	38
116.37	42
116.51	42
116.65	35
116.65	42
116.92	42
117.08	35
117.08	38
117.22	35
117.22	42
117.5	38
117.5	42
117.77	42
117.78	35
118.06	42
118.21	38
118.35	35
118.35	42
118.49	42
118.63	38
118.63	42
118.78	42
118.92	35
118.92	42
119.19	42
119.34	35
119.34	38
119.48	35
119.48	42
119.76	38
119.77	42
119.91	42
120.05	35
120.05	42
120.33	42
120.48	38
120.62	35
120.62	42
120.9	38
120.9	42
121.04	42
121.18	35
121.18	42
121.32	42
121.46	42
121.6	38
121.75	35
121.75	42
122.03	38
122.03	42
122.31	35
122.31	38
122.31	42
122.59	42
122.74	38
122.88	35
122.88	42
123.02	42
123.16	38
123.16	42
123.31	42
123.44	42
123.45	35
123.72	42
123.87	35
123.87	38
124.01	35
124.01	42
124.29	38
124.29	42
124.44	42
124.58	35
124.58	42
124.86	42
125.0	38
125.14	42
125.15	35
125.43	38
125.43	42
125.57	42
125.71	35
125.71	42
125.84	42
125.99	42
126.13	38
126.14	35
126.14	42
126.28	35
126.28	42
126.42	42
126.56	38
126.56	42
126.69	42
126.84	35
126.84	42
127.13	42
127.27	38
127.41	35
127.41	42
127.69	38
127.69	42
127.83	42
127.97	35
127.97	42
128.25	42
128.4	35
128.4	38
128.54	35
128.54	42
128.82	38
128.82	42
128.96	42
129.11	35
129.11	42
129.39	42
129.53	38
129.67	35
129.67	42
129.96	38
129.96	42
130.1	42
130.24	35
130.24	42
130.52	42
130.66	35
130.66	38
130.8	35
130.8	42
131.09	38
131.09	42